000001,1,1491,264,85.5,109.5
000002,1,1470.5,267,85,109.5
000003,1,1450,270,84.5,109.5
000004,1,1429.5,273,84,109.5
000005,1,1380.5,275.5,86,108.5
000006,1,1331.5,278,88,107.5
000007,1,1282.5,280.5,90,106.5
000008,1,1249.5,284.25,90,109.5
000009,1,1216.5,288,90,112.5
000010,1,1165,284,93.5,119
000011,1,1113.5,280,97,125.5
000012,1,1062,276,100.5,132
000013,1,1026,287,103,131
000014,1,990,298,105.5,130
000015,1,954,309,108,129
000016,1,915,324.5,110,135
000016,2,1074,243,78,87
000017,1,876,340,112,141
000017,2,1080,248.25,75,86.25
000018,1,837,355.5,114,147
000018,2,1086,253.5,72,85.5
000019,1,812.25,356.25,116.25,149.25
000019,2,1083.75,255,80.25,93.75
000020,1,787.5,357,118.5,151.5
000020,2,1081.5,256.5,88.5,102
000021,1,759,373,121,154.5
000021,2,1078.5,263.25,89.25,102
000022,1,730.5,389,123.5,157.5
000022,2,1075.5,270,90,102
000023,1,702,405,126,160.5
000023,2,1068.75,279,89.25,103.5
000024,1,671.25,412.5,128.25,170.25
000024,2,1062,288,88.5,105
000025,1,640.5,420,130.5,180
000025,2,1050,289.5,93,105.75
000026,1,635,434,135,181.5
000026,2,1038,291,97.5,106.5
000027,1,629.5,448,139.5,183
000027,2,1036.5,300.5,97,108
000028,1,624,462,144,184.5
000028,2,1035,310,96.5,109.5
000029,1,630,486,148.5,189
000029,2,1033.5,319.5,96,111
000030,1,636,510,153,193.5
000030,2,1031.5,323.5,95,109
000031,1,627.75,511.5,156.75,203.25
000031,2,1029.5,327.5,94,107
000032,1,619.5,513,160.5,213
000032,2,1027.5,331.5,93,105
000033,1,605,553,170.5,225.5
000033,2,1016.5,335.5,95.5,110.5
000034,1,590.5,593,180.5,238
000034,2,1005.5,339.5,98,116
000035,1,576,633,190.5,250.5
000035,2,994.5,343.5,100.5,121.5
000036,1,573,644.5,195.5,264
000036,2,978,354,103.5,123
000037,1,570,656,200.5,277.5
000037,2,961.5,364.5,106.5,124.5
000038,1,567,667.5,205.5,291
000038,2,945,375,109.5,126
000039,1,594.75,731.25,225.75,287.25
000039,2,938,377.5,115.5,132
000040,1,622.5,795,246,283.5
000040,2,931,380,121.5,138
000041,1,699,877.5,241.5,201
000041,2,924,382.5,127.5,144
000042,1,732,927,264,151.5
000042,2,925,395,130.5,146.5
000043,2,926,407.5,133.5,149
000044,2,927,420,136.5,151.5
000045,2,922.5,422.5,136.5,151
000045,8,1438.5,151.5,64.5,85.5
000046,2,918,425,136.5,150.5
000046,8,1429.5,153,64.5,86
000047,2,913.5,427.5,136.5,150
000047,8,1420.5,154.5,64.5,86.5
000048,2,901.5,448,138,155
000048,8,1411.5,156,64.5,87
000049,2,889.5,468.5,139.5,160
000049,8,1407.5,158.5,65,84.5
000050,2,877.5,489,141,165
000050,3,1213.5,157.5,81,105
000050,8,1403.5,161,65.5,82
000051,2,870,493,146.5,171
000051,3,1191.38,169.875,80.625,101.625
000051,8,1399.5,163.5,66,79.5
000052,2,862.5,497,152,177
000052,3,1169.25,182.25,80.25,98.25
000052,8,1387.5,169.5,66,79.5
000053,2,855,501,157.5,183
000053,3,1147.13,194.625,79.875,94.875
000053,8,1375.5,175.5,66,79.5
000054,2,856.5,527.25,162,188.25
000054,3,1125,207,79.5,91.5
000054,8,1363.5,181.5,66,79.5
000055,2,858,553.5,166.5,193.5
000055,3,1114,204.5,79.5,92
000055,8,1351.5,180,66.5,81.5
000056,2,857.5,563.5,171,203
000056,3,1103,202,79.5,92.5
000056,8,1339.5,178.5,67,83.5
000057,2,857,573.5,175.5,212.5
000057,3,1092,199.5,79.5,93
000057,8,1327.5,177,67.5,85.5
000058,2,856.5,583.5,180,222
000058,3,1086.5,209.5,82,100
000058,8,1317.5,179.5,67.5,86.5
000059,2,840,599,184.5,225.5
000059,3,1081,219.5,84.5,107
000059,8,1307.5,182,67.5,87.5
000060,2,823.5,614.5,189,229
000060,3,1075.5,229.5,87,114
000060,8,1297.5,184.5,67.5,88.5
000061,2,807,630,193.5,232.5
000061,3,1069.5,232.5,88.5,118.5
000061,8,1292,189,68.5,91
000062,2,794,658.5,198,240
000062,3,1063.5,235.5,90,123
000062,8,1286.5,193.5,69.5,93.5
000063,2,781,687,202.5,247.5
000063,3,1055.25,234.75,89.25,121.5
000063,8,1281,198,70.5,96
000064,2,768,715.5,207,255
000064,3,1047,234,88.5,120
000064,8,1269.5,199,73,98
000065,2,757,738,212.5,257.5
000065,3,1022.5,246,89,124
000065,8,1258,200,75.5,100
000066,2,746,760.5,218,260
000066,3,998,258,89.5,128
000066,8,1246.5,201,78,102
000067,2,735,783,223.5,262.5
000067,3,973.5,270,90,132
000067,8,1228.5,209.25,79.5,102
000068,2,735,838.5,232.5,240
000068,3,957,267.5,91.5,131.5
000068,8,1210.5,217.5,81,102
000069,2,730.5,883.5,243,195
000069,3,940.5,265,93,131
000069,8,1198.5,214.5,83,103.5
000070,2,727.5,913.5,235.5,165
000070,3,924,262.5,94.5,130.5
000070,8,1186.5,211.5,85,105
000070,9,682.5,247.5,78,93
000071,2,717,933,250.5,145.5
000071,3,912,271.5,94.5,134.25
000071,8,1174.5,208.5,87,106.5
000071,9,695,251,76.5,93.5
000072,2,706.5,952.5,265.5,126
000072,3,900,280.5,94.5,138
000072,8,1166.5,216.5,84.5,109
000072,9,707.5,254.5,75,94
000073,3,896,289,98,145
000073,8,1158.5,224.5,82,111.5
000073,9,720,258,73.5,94.5
000074,3,892,297.5,101.5,152
000074,8,1150.5,232.5,79.5,114
000074,9,739.5,262,73.5,99
000075,3,888,306,105,159
000075,8,1141,231.5,83.5,119.5
000075,9,759,266,73.5,103.5
000076,3,866.5,313,109,161
000076,8,1131.5,230.5,87.5,125
000076,9,778.5,270,73.5,108
000077,3,845,320,113,163
000077,5,696,238.5,60,76.5
000077,8,1122,229.5,91.5,130.5
000077,9,792.5,270,75.5,109
000077,10,1804.5,900,114,178.5
000078,3,823.5,327,117,165
000078,5,714,239.25,63,80.25
000078,8,1105.5,239.5,93,131.5
000078,9,806.5,270,77.5,110
000078,10,1753.5,834,165,244.5
000079,3,792,339.5,119,170.5
000079,5,732,240,66,84
000079,8,1089,249.5,94.5,132.5
000079,9,820.5,270,79.5,111
000079,10,1713,783,205.5,264
000080,3,760.5,352,121,176
000080,5,748.5,249,64.5,78.75
000080,8,1072.5,259.5,96,133.5
000080,9,821,275,80,112.5
000080,10,1675.5,739.5,237,246
000081,3,729,364.5,123,181.5
000081,5,765,258,63,73.5
000081,8,1057.5,261.5,96,132.5
000081,9,821.5,280,80.5,114
000081,10,1639.5,709.5,220.5,259.5
000082,3,718,366.5,127,185
000082,5,780.5,253,64.5,75
000082,8,1042.5,263.5,96,131.5
000082,9,822,285,81,115.5
000082,10,1610,690.5,212.5,246
000083,3,707,368.5,131,188.5
000083,5,796,248,66,76.5
000083,8,1027.5,265.5,96,130.5
000083,9,816,288.5,85,117.5
000083,10,1580.5,671.5,204.5,232.5
000084,3,696,370.5,135,192
000084,5,811.5,243,67.5,78
000084,8,1015.5,275.5,98.5,133
000084,9,810,292,89,119.5
000084,10,1551,652.5,196.5,219
000085,3,692.25,384,136.5,195.375
000085,5,830.5,248,69.5,83.5
000085,8,1003.5,285.5,101,135.5
000085,9,804,295.5,93,121.5
000085,10,1516,622,188.5,213.5
000086,3,688.5,397.5,138,198.75
000086,5,849.5,253,71.5,89
000086,8,991.5,295.5,103.5,138
000086,9,802,300.5,94,125.5
000086,10,1481,591.5,180.5,208
000087,3,684.75,411,139.5,202.125
000087,5,868.5,258,73.5,94.5
000087,6,691.5,282,76.5,108
000087,8,976.5,297.5,107,141
000087,9,800,305.5,95,129.5
000087,10,1446,561,172.5,202.5
000088,3,681,424.5,141,205.5
000088,5,887,259,73,93.5
000088,6,705,281.5,80.5,107
000088,8,961.5,299.5,110.5,144
000088,9,798,310.5,96,133.5
000088,10,1395.5,553.5,169.5,200
000089,3,659.5,445.5,146.5,207.5
000089,5,905.5,260,72.5,92.5
000089,6,718.5,281,84.5,106
000089,8,946.5,301.5,114,147
000089,9,800,315,96.5,131.5
000089,10,1345,546,166.5,197.5
000090,3,638,466.5,152,209.5
000090,5,924,261,72,91.5
000090,6,732,280.5,88.5,105
000090,8,925.5,315.5,114.5,151
000090,9,802,319.5,97,129.5
000090,10,1294.5,538.5,163.5,195
000091,3,616.5,487.5,157.5,211.5
000091,5,936.5,267,72.5,92
000091,6,752,285.5,89.5,107
000091,8,904.5,329.5,115,155
000091,9,804,324,97.5,127.5
000091,10,1268.5,520,160,191.5
000092,3,590.5,499.5,161,219
000092,5,949,273,73,92.5
000092,6,772,290.5,90.5,109
000092,8,883.5,343.5,115.5,159
000092,9,792,323,94,131
000092,10,1242.5,501.5,156.5,188
000093,3,564.5,511.5,164.5,226.5
000093,4,1669.5,928.5,249,150
000093,5,961.5,279,73.5,93
000093,6,792,295.5,91.5,111
000093,8,862,346,116,160
000093,9,780,322,90.5,134.5
000093,10,1216.5,483,153,184.5
000094,3,538.5,523.5,168,234
000094,4,1624.5,882,241.5,196.5
000094,5,966.5,282.5,76,94
000094,6,805,292.5,92.5,111
000094,8,840.5,348.5,116.5,161
000094,9,768,321,87,138
000094,10,1203,480,150,177.75
000095,3,533,543.5,174.5,239.5
000095,4,1579.5,835.5,234,243
000095,5,971.5,286,78.5,95
000095,6,818,289.5,93.5,111
000095,8,819,351,117,162
000095,9,745,334.5,92,134.5
000095,10,1189.5,477,147,171
000096,3,527.5,563.5,181,245
000096,4,1549.5,790.5,225,241.5
000096,5,976.5,289.5,81,96
000096,6,831,286.5,94.5,111
000096,8,806,363.5,121,166
000096,9,722,348,97,131
000096,10,1179,464.25,144,164.25
000097,3,522,583.5,187.5,250.5
000097,4,1531.5,765.5,218,242
000097,5,981,294,83.5,101
000097,6,839,290,90,111.5
000097,8,793,376,125,170
000097,9,699,361.5,102,127.5
000097,10,1168.5,451.5,141,157.5
000098,3,539,605.5,193,258
000098,4,1513.5,740.5,211,242.5
000098,5,985.5,298.5,86,106
000098,6,847,293.5,85.5,112
000098,7,1209,157.5,60,85.5
000098,8,780,388.5,129,174
000098,9,672.5,359.5,105.5,131.5
000098,10,1153.5,438,139.5,153
000099,3,556,627.5,198.5,265.5
000099,4,1495.5,715.5,204,243
000099,5,990,303,88.5,111
000099,6,855,297,81,112.5
000099,7,1196.5,161.5,61,84
000099,8,765.5,395,131.5,179
000099,9,646,357.5,109,135.5
000099,10,1138.5,424.5,138,148.5
000100,3,573,649.5,204,273
000100,4,1476.5,686,200,233.5
000100,5,992.5,306.5,90,113
000100,6,844,303.5,85.5,114
000100,7,1184,165.5,62,82.5
000100,8,751,401.5,134,184
000100,9,619.5,355.5,112.5,139.5
000100,10,1113.5,422.5,137,150
000101,3,567,685.5,218,286
000101,4,1457.5,656.5,196,224
000101,5,995,310,91.5,115
000101,6,833,310,90,115.5
000101,7,1171.5,169.5,63,81
000101,8,736.5,408,136.5,189
000101,9,606,374,112,138.5
000101,10,1088.5,420.5,136,151.5
000102,3,561,721.5,232,299
000102,4,1438.5,627,192,214.5
000102,5,997.5,313.5,93,117
000102,6,822,316.5,94.5,117
000102,7,1161,170.25,57.75,81
000102,8,721.5,426,139.5,194.5
000102,9,592.5,392.5,111.5,137.5
000102,10,1063.5,418.5,135,153
000103,3,555,757.5,246,312
000103,4,1410,608.5,184.5,207.5
000103,5,989,319,92.5,117.5
000103,6,810.75,319.875,95.625,118.5
000103,7,1150.5,171,52.5,81
000103,8,706.5,444,142.5,200
000103,9,579,411,111,136.5
000103,10,1052,405,132.5,149
000104,3,524.25,808.5,258.75,265.5
000104,4,1381.5,590,177,200.5
000104,5,980.5,324.5,92,118
000104,6,799.5,323.25,96.75,120
000104,7,1135,171,54.5,83
000104,8,691.5,462,145.5,205.5
000104,9,572.5,414.5,116.5,140
000104,10,1040.5,391.5,130,145
000105,3,493.5,859.5,271.5,219
000105,4,1353,571.5,169.5,193.5
000105,5,972,330,91.5,118.5
000105,6,788.25,326.625,97.875,121.5
000105,7,1119.5,171,56.5,85
000105,8,684,466,152.5,207.5
000105,9,566,418,122,143.5
000105,10,1029,378,127.5,141
000106,3,456,892.5,289.5,186
000106,4,1309.5,559,168.5,197
000106,5,953,337,95.5,121.5
000106,6,777,330,99,123
000106,7,1104,171,58.5,87
000106,8,676.5,470,159.5,209.5
000106,9,559.5,421.5,127.5,147
000106,10,1044,376,123,136.5
000107,3,463.5,910.5,286.5,168
000107,4,1266,546.5,167.5,200.5
000107,5,934,344,99.5,124.5
000107,6,763,339,97.5,123
000107,7,1099.5,174,60,87.5
000107,8,669,474,166.5,211.5
000107,9,544.5,431.5,129.5,150.5
000107,10,1059,374,118.5,132
000108,3,453,942,306,136.5
000108,4,1222.5,534,166.5,204
000108,5,915,351,103.5,127.5
000108,6,749,348,96,123
000108,7,1095,177,61.5,88
000108,8,681,491,170,219
000108,9,529.5,441.5,131.5,154
000108,10,1074,372,114,127.5
000109,4,1194,520.5,161,200
000109,5,899,350,104.5,133
000109,6,735,357,94.5,123
000109,7,1090.5,180,63,88.5
000109,8,693,508,173.5,226.5
000109,9,514.5,451.5,133.5,157.5
000109,10,1103.5,361,111,124.5
000110,4,1165.5,507,155.5,196
000110,5,883,349,105.5,138.5
000110,6,713,358,96.5,123.5
000110,7,1089.5,180.5,65,89.5
000110,8,705,525,177,234
000110,9,489,467.5,133,158.5
000110,10,1133,350,108,121.5
000111,4,1137,493.5,150,192
000111,5,867,348,106.5,144
000111,6,691,359,98.5,124
000111,7,1088.5,181,67,90.5
000111,8,723,537,183,245.5
000111,9,463.5,483.5,132.5,159.5
000111,10,1162.5,339,105,118.5
000112,4,1127.5,486,147.5,187.5
000112,5,852.5,361,106.5,141
000112,6,669,360,100.5,124.5
000112,7,1087.5,181.5,69,91.5
000112,8,741,549,189,257
000112,9,438,499.5,132,160.5
000112,10,1179.5,331.5,105,117.5
000113,4,1118,478.5,145,183
000113,5,838,374,106.5,138
000113,6,634,371,103,127.5
000113,7,1079,183,68.5,90
000113,8,759,561,195,268.5
000113,9,426,504.75,136.5,171.75
000113,10,1196.5,324,105,116.5
000114,4,1108.5,471,142.5,178.5
000114,5,823.5,387,106.5,135
000114,6,599,382,105.5,130.5
000114,7,1070.5,184.5,68,88.5
000114,8,762,584,201.5,283
000114,9,414,510,141,183
000114,10,1213.5,316.5,105,115.5
000115,4,1102.5,458,142,176.5
000115,5,811.5,390.375,108,139.875
000115,6,564,393,108,133.5
000115,7,1062,186,67.5,87
000115,8,765,607,208,297.5
000115,9,415.5,535,145.5,185.5
000115,10,1225.5,317.5,106,111.5
000116,4,1096.5,445,141.5,174.5
000116,5,799.5,393.75,109.5,144.75
000116,6,532.5,401.25,106.5,132
000116,7,1045.5,190.5,71,88.5
000116,8,768,630,214.5,312
000116,9,417,560,150,188
000116,10,1237.5,318.5,107,107.5
000117,4,1090.5,432,141,172.5
000117,5,787.5,397.125,111,149.625
000117,6,501,409.5,105,130.5
000117,7,1029,195,74.5,90
000117,8,775.875,655.125,223.875,321
000117,9,418.5,585,154.5,190.5
000117,10,1249.5,319.5,108,103.5
000118,4,1076.5,423,138.5,169.5
000118,5,775.5,400.5,112.5,154.5
000118,6,479,414,104,134.5
000118,7,1012.5,199.5,78,91.5
000118,8,783.75,680.25,233.25,330
000118,9,425,590,161,198
000118,10,1271.5,309,105.5,103.5
000119,4,1062.5,414,136,166.5
000119,5,757,416,114,156
000119,6,457,418.5,103,138.5
000119,7,994.5,200.5,77,91.5
000119,8,791.625,705.375,242.625,339
000119,9,431.5,595,167.5,205.5
000119,10,1293.5,298.5,103,103.5
000120,4,1048.5,405,133.5,163.5
000120,5,738.5,431.5,115.5,157.5
000120,6,435,423,102,142.5
000120,7,976.5,201.5,76,91.5
000120,8,799.5,730.5,252,348
000120,9,438,600,174,213
000120,10,1315.5,288,100.5,103.5
000121,4,1037.5,400,131,161.5
000121,5,720,447,117,159
000121,6,423.75,441.75,108,147
000121,7,958.5,202.5,75,91.5
000121,8,826.5,777.75,261,300.75
000121,9,429,621,176,221
000121,10,1348.5,291,100,101
000122,4,1026.5,395,128.5,159.5
000122,5,708.5,452,117.5,161
000122,6,412.5,460.5,114,151.5
000122,7,952.5,205.5,74.5,92.5
000122,8,853.5,825,270,253.5
000122,9,420,642,178,229
000122,10,1381.5,294,99.5,98.5
000123,4,1015.5,390,126,157.5
000123,5,697,457,118,163
000123,6,407.5,465,118,154.5
000123,7,946.5,208.5,74,93.5
000123,8,876,858.75,272.25,219.75
000123,9,411,663,180,237
000123,10,1414.5,297,99,96
000124,4,1026,378.5,120.5,148.5
000124,5,685.5,462,118.5,165
000124,6,402.5,469.5,122,157.5
000124,7,940.5,211.5,73.5,94.5
000124,8,898.5,892.5,274.5,186
000124,9,392.5,693.5,186,250.5
000124,10,1451.25,286.5,96.75,94.5
000125,4,1036.5,367,115,139.5
000125,5,682,479.5,124.5,172
000125,6,397.5,474,126,160.5
000125,7,941.625,214.875,74.25,98.25
000125,8,910.5,969,298.5,109.5
000125,9,374,724,192,264
000125,10,1488,276,94.5,93
000126,4,1047,355.5,109.5,130.5
000126,5,678.5,497,130.5,179
000126,6,380,495,127.5,162.5
000126,7,942.75,218.25,75,102
000126,9,355.5,754.5,198,277.5
000126,10,1503,268.5,94.5,91.5
000127,4,1076,351.5,108.5,126
000127,5,675,514.5,136.5,186
000127,6,362.5,516,129,164.5
000127,7,943.875,221.625,75.75,105.75
000127,9,345.75,771,205.5,284.25
000127,10,1518,261,94.5,90
000128,4,1105,347.5,107.5,121.5
000128,5,672,520.5,139,189.5
000128,6,345,537,130.5,166.5
000128,7,945,225,76.5,109.5
000128,9,336,787.5,213,291
000128,10,1532.5,262.5,93,91.5
000129,4,1134,343.5,106.5,117
000129,5,669,526.5,141.5,193
000129,6,324,544,133.5,175.5
000129,7,941,227.5,76,111
000129,9,339.75,827.25,223.5,251.25
000129,10,1547,264,91.5,93
000129,11,1180.5,84,31.5,36
000130,4,1165.5,336,101.5,113.5
000130,5,666,532.5,144,196.5
000130,6,303,551,136.5,184.5
000130,7,937,230,75.5,112.5
000130,9,343.5,867,234,211.5
000130,10,1561.5,265.5,90,94.5
000130,11,1180.5,85.2,31.2,37.2
000131,4,1197,328.5,96.5,110
000131,5,660.75,559.5,151.5,203.25
000131,6,282,558,139.5,193.5
000131,7,933,232.5,75,114
000131,9,375,918,234,160.5
000131,10,1577.5,257,90,94.5
000131,11,1180.5,86.4,30.9,38.4
000132,4,1228.5,321,91.5,106.5
000132,5,655.5,586.5,159,210
000132,6,272.5,582,144.5,193.5
000132,7,919,241,78,114
000132,9,367.5,939,283.5,139.5
000132,10,1593.5,248.5,90,94.5
000132,11,1180.5,87.6,30.6,39.6
000133,4,1254,322.5,95.25,109.5
000133,5,658,605.5,162,215
000133,6,263,606,149.5,193.5
000133,7,905,249.5,81,114
000133,10,1609.5,240,90,94.5
000133,11,1180.5,88.8,30.3,40.8
000134,4,1279.5,324,99,112.5
000134,5,660.5,624.5,165,220
000134,6,253.5,630,154.5,193.5
000134,7,891,258,84,114
000134,10,1632,237.5,91.5,97
000134,11,1180.5,90,30,42
000135,4,1308.75,321,102.75,117.75
000135,5,663,643.5,168,225
000135,6,254,647.5,162.5,204.5
000135,7,870,258,93,120
000135,10,1654.5,235,93,99.5
000135,11,1180.13,89.25,30.375,42.375
000136,4,1338,318,106.5,123
000136,5,681.5,672.5,171,232
000136,6,254.5,665,170.5,215.5
000136,7,861,258.5,93,123.5
000136,10,1677,232.5,94.5,102
000136,11,1179.75,88.5,30.75,42.75
000137,4,1375.5,308,107,125.5
000137,5,700,701.5,174,239
000137,6,255,682.5,178.5,226.5
000137,7,852,259,93,127
000137,11,1179.38,87.75,31.125,43.125
000138,4,1413,298,107.5,128
000138,5,718.5,730.5,177,246
000138,6,240.5,713,187.5,236.5
000138,7,843,259.5,93,130.5
000138,11,1179,87,31.5,43.5
000139,4,1450.5,288,108,130.5
000139,5,741,754.5,181,254
000139,6,226,743.5,196.5,246.5
000139,7,848,270,92.5,131
000139,11,1178.7,87.9,31.8,42.9
000140,4,1491.5,292.5,107,130
000140,5,763.5,778.5,185,262
000140,6,211.5,774,205.5,256.5
000140,7,853,280.5,92,131.5
000140,11,1178.4,88.8,32.1,42.3
000141,4,1532.5,297,106,129.5
000141,5,786,802.5,189,270
000141,6,186.75,809.25,216.75,245.25
000141,7,858,291,91.5,132
000141,11,1178.1,89.7,32.4,41.7
000142,4,1573.5,301.5,105,129
000142,5,793.5,826.5,198,252
000142,6,162,844.5,228,234
000142,7,859.5,290.5,94,134.5
000142,11,1177.8,90.6,32.7,41.1
000143,4,1612.5,292.5,109.5,128.25
000143,5,802.5,850.5,217.5,228
000143,6,144,862.5,219,216
000143,7,861,290,96.5,137
000143,11,1177.5,91.5,33,40.5
000144,4,1651.5,283.5,114,127.5
000144,5,808.5,910.5,220.5,168
000144,6,133.5,882,238.5,196.5
000144,7,862.5,289.5,99,139.5
000144,11,1179.75,92.25,34.5,42
000145,4,1692,282,103.5,115.5
000145,5,814.5,970.5,223.5,108
000145,6,129,912,264,166.5
000145,7,850.5,294,98.25,137.25
000145,11,1182,93,36,43.5
000146,6,154.5,958.5,246,120
000146,7,838.5,298.5,97.5,135
000146,11,1184.25,93.75,37.5,45
000147,7,816.75,312.75,102.75,137.25
000147,11,1186.5,94.5,39,46.5
000148,7,795,327,108,139.5
000148,11,1186.5,94.875,37.875,45.375
000149,7,756,340.5,108,144
000149,11,1186.5,95.25,36.75,44.25
000150,7,738.75,342,110.25,146.25
000150,11,1186.5,95.625,35.625,43.125
000151,7,721.5,343.5,112.5,148.5
000151,11,1186.5,96,34.5,42
000152,7,722,356.5,113.5,150
000152,11,1186,96,38,43.5
000153,7,722.5,369.5,114.5,151.5
000153,11,1185.5,96,41.5,45
000154,7,723,382.5,115.5,153
000154,11,1185,96,45,46.5
000155,7,730,390,118,155.5
000155,11,1190.5,97,44.5,47.5
000156,7,737,397.5,120.5,158
000156,11,1196,98,44,48.5
000157,7,744,405,123,160.5
000157,11,1201.5,99,43.5,49.5
000158,7,730,413.5,127,167.5
000158,11,1203.53,99.5294,43.6765,49.2353
000159,7,716,422,131,174.5
000159,11,1205.56,100.059,43.8529,48.9706
000160,7,702,430.5,135,181.5
000160,11,1207.59,100.588,44.0294,48.7059
000161,7,673,451,137,182.5
000161,11,1209.62,101.118,44.2059,48.4412
000162,7,644,471.5,139,183.5
000162,11,1211.65,101.647,44.3824,48.1765
000163,7,615,492,141,184.5
000163,11,1213.68,102.176,44.5588,47.9118
000164,7,605,502,149,195.5
000164,11,1215.71,102.706,44.7353,47.6471
000165,7,595,512,157,206.5
000165,11,1217.74,103.235,44.9118,47.3824
000166,7,585,522,165,217.5
000166,11,1219.76,103.765,45.0882,47.1176
000167,7,605.5,552,164.5,225
000167,11,1221.79,104.294,45.2647,46.8529
000168,7,626,582,164,232.5
000168,11,1223.82,104.824,45.4412,46.5882
000169,7,646.5,612,163.5,240
000169,11,1225.85,105.353,45.6176,46.3235
000170,7,653.5,622.5,172,250.5
000170,11,1227.88,105.882,45.7941,46.0588
000171,7,660.5,633,180.5,261
000171,11,1229.91,106.412,45.9706,45.7941
000172,7,667.5,643.5,189,271.5
000172,11,1231.94,106.941,46.1471,45.5294
000173,7,642,688,199,281.5
000173,11,1233.97,107.471,46.3235,45.2647
000174,7,616.5,732.5,209,291.5
000174,11,1236,108,46.5,45
000175,7,591,777,219,301.5
000175,11,1237.05,108.75,46.8,46.2
000176,7,540,811.5,247.5,267
000176,11,1238.1,109.5,47.1,47.4
000177,7,490.5,837,265.5,241.5
000177,11,1239.15,110.25,47.4,48.6
000178,7,483,862.5,255,216
000178,11,1240.2,111,47.7,49.8
000179,7,481.5,913.5,262.5,165
000179,11,1241.25,111.75,48,51
000180,7,480,964.5,270,114
000180,11,1242.3,112.5,48.3,52.2
000181,11,1243.35,113.25,48.6,53.4
000182,11,1244.4,114,48.9,54.6
000183,11,1245.45,114.75,49.2,55.8
000184,11,1246.5,115.5,49.5,57
000185,11,1245.83,117,49.3333,57.8333
000186,11,1245.17,118.5,49.1667,58.6667
000187,11,1244.5,120,49,59.5
000188,11,1243.83,121.5,48.8333,60.3333
000189,11,1243.17,123,48.6667,61.1667
000190,11,1242.5,124.5,48.5,62
000191,11,1241.83,126,48.3333,62.8333
000192,11,1241.17,127.5,48.1667,63.6667
000193,11,1240.5,129,48,64.5
000194,11,1235.79,130.714,48,64.7143
000195,11,1231.07,132.429,48,64.9286
000196,11,1226.36,134.143,48,65.1429
000197,11,1221.64,135.857,48,65.3571
000198,11,1216.93,137.571,48,65.5714
000199,11,1212.21,139.286,48,65.7857
000200,11,1207.5,141,48,66
000201,11,1206.56,143.625,48.75,65.8125
000202,11,1205.63,146.25,49.5,65.625
000203,11,1204.69,148.875,50.25,65.4375
000204,11,1203.75,151.5,51,65.25
000205,11,1202.81,154.125,51.75,65.0625
000206,11,1201.88,156.75,52.5,64.875
000207,11,1200.94,159.375,53.25,64.6875
000208,11,1200,162,54,64.5
000209,11,1198.8,163.35,54.15,64.5
000210,11,1197.6,164.7,54.3,64.5
000211,11,1196.4,166.05,54.45,64.5
000212,11,1195.2,167.4,54.6,64.5
000213,11,1194,168.75,54.75,64.5
000214,11,1192.8,170.1,54.9,64.5
000215,11,1191.6,171.45,55.05,64.5
000216,11,1190.4,172.8,55.2,64.5
000217,11,1189.2,174.15,55.35,64.5
000218,11,1188,175.5,55.5,64.5
000219,11,1189.5,178.5,60,72
000220,11,1186,181,60,70
000221,11,1182.5,183.5,60,68
000222,11,1179,186,60,66
000223,11,1171.5,190,61,69.5
000224,11,1164,194,62,73
000225,11,1156.5,198,63,76.5
000226,11,1153,201.5,65,77.5
000227,11,1149.5,205,67,78.5
000228,11,1146,208.5,69,79.5
000229,11,1145.25,210,69,79.5
000230,11,1144.5,211.5,69,79.5
000231,11,1143.75,213,69,79.5
000232,11,1143,214.5,69,79.5
000233,11,1134.75,216.5,70,80
000234,11,1126.5,218.5,71,80.5
000235,11,1118.25,220.5,72,81
000236,11,1110,222.5,73,81.5
000237,11,1101.75,224.5,74,82
000238,11,1093.5,226.5,75,82.5
000238,14,1705.5,922.5,213,156
000239,11,1092.9,228.3,73.8,83.1
000239,14,1645.5,877.5,252,201
000240,11,1092.3,230.1,72.6,83.7
000240,14,1599,823.5,256.5,255
000241,11,1091.7,231.9,71.4,84.3
000241,14,1562.25,802.5,246.75,257.25
000242,11,1091.1,233.7,70.2,84.9
000242,14,1525.5,781.5,237,259.5
000243,11,1090.5,235.5,69,85.5
000243,14,1500,753.75,229.5,249
000244,11,1082.5,241.75,70.5,87.75
000244,14,1474.5,726,222,238.5
000245,11,1074.5,248,72,90
000245,14,1434.75,685.5,210.75,225.75
000246,11,1066.5,254.25,73.5,92.25
000246,14,1395,645,199.5,213
000247,11,1058.5,260.5,75,94.5
000247,14,1350.75,632.25,196.5,201.75
000248,11,1050.5,266.75,76.5,96.75
000248,14,1306.5,619.5,193.5,190.5
000249,11,1042.5,273,78,99
000249,14,1258.5,606.75,183,186.75
000250,11,1038.38,277.125,78,99.375
000250,14,1210.5,594,172.5,183
000251,11,1034.25,281.25,78,99.75
000251,14,1174.5,565.5,170.25,178.5
000252,11,1030.13,285.375,78,100.125
000252,14,1138.5,537,168,174
000253,11,1026,289.5,78,100.5
000253,14,1122.5,529,165,167
000254,11,1027.5,293.7,78.9,101.4
000254,14,1106.5,521,162,160
000255,11,1029,297.9,79.8,102.3
000255,14,1090.5,513,159,153
000256,11,1030.5,302.1,80.7,103.2
000256,14,1089.75,491.25,146.25,148.5
000257,11,1032,306.3,81.6,104.1
000257,14,1089,469.5,133.5,144
000258,11,1033.5,310.5,82.5,105
000258,14,1069,462.5,129.5,139
000259,11,1023,317.7,84,105
000259,14,1049,455.5,125.5,134
000260,11,1012.5,324.9,85.5,105
000260,14,1029,448.5,121.5,129
000261,11,1002,332.1,87,105
000261,13,262.5,978,213,100.5
000261,14,1000.5,444,129,138
000262,11,991.5,339.3,88.5,105
000262,13,266.25,939,210.75,139.5
000262,14,979.5,431.25,121.5,135
000263,11,981,346.5,90,105
000263,13,270,900,208.5,178.5
000263,14,958.5,418.5,114,132
000264,11,993,345,81,96
000264,13,265.5,858,205.5,189
000264,14,933,411,126,121.5
000265,11,987.75,343.5,84,97.5
000265,13,273,900,207,178.5
000265,14,949.5,423,115.5,111
000266,11,982.5,342,87,99
000266,13,268.5,865.5,202.5,185.25
000266,14,936,406.5,115.5,121.5
000267,11,984.6,341.4,85.8,96.6
000267,13,264,831,198,192
000267,14,928.5,400.5,117,120
000268,11,986.7,340.8,84.6,94.2
000268,13,269,810,191.5,195
000268,14,921,394.5,118.5,118.5
000269,11,988.8,340.2,83.4,91.8
000269,13,274,789,185,198
000269,14,932,390,115.5,115.5
000270,11,990.9,339.6,82.2,89.4
000270,13,279,768,178.5,201
000270,14,943,385.5,112.5,112.5
000271,11,993,339,81,87
000271,13,273,751,182,200
000271,14,954,381,109.5,109.5
000272,11,992.4,339.9,81.6,88.8
000272,13,267,734,185.5,199
000272,14,948.5,375.5,109,110.5
000273,11,991.8,340.8,82.2,90.6
000273,13,261,717,189,198
000273,14,943,370,108.5,111.5
000274,11,991.2,341.7,82.8,92.4
000274,13,272.5,706.5,185.5,196.5
000274,14,937.5,364.5,108,112.5
000275,11,990.6,342.6,83.4,94.2
000275,13,284,696,182,195
000275,14,925.5,363,105.5,108.5
000276,11,990,343.5,84,96
000276,13,295.5,685.5,178.5,193.5
000276,14,913.5,361.5,103,104.5
000277,11,989.4,344.4,84.6,97.8
000277,12,973.5,211.5,76.5,97.5
000277,13,304.5,676,175,190.5
000277,14,901.5,360,100.5,100.5
000278,11,988.8,345.3,85.2,99.6
000278,12,980.5,217.5,74,94
000278,13,313.5,666.5,171.5,187.5
000278,14,899,359,103.5,102
000279,11,988.2,346.2,85.8,101.4
000279,12,987.5,223.5,71.5,90.5
000279,13,322.5,657,168,184.5
000279,14,896.5,358,106.5,103.5
000280,11,987.6,347.1,86.4,103.2
000280,12,994.5,229.5,69,87
000280,13,343,642,164.5,184.5
000280,14,894,357,109.5,105
000281,11,987,348,87,105
000281,12,991.5,225.75,72.75,95.25
000281,13,363.5,627,161,184.5
000281,14,898.5,357.75,106.5,108
000282,11,967.875,348.938,88.5,107.063
000282,12,988.5,222,76.5,103.5
000282,13,384,612,157.5,184.5
000282,14,903,358.5,103.5,111
000283,11,948.75,349.875,90,109.125
000283,12,977.5,233,79,103.5
000283,13,401,596.5,157.5,179.5
000283,14,906,357.5,106.5,112
000284,11,929.625,350.813,91.5,111.188
000284,12,966.5,244,81.5,103.5
000284,13,418,581,157.5,174.5
000284,14,909,356.5,109.5,113
000285,11,910.5,351.75,93,113.25
000285,12,955.5,255,84,103.5
000285,13,435,565.5,157.5,169.5
000285,14,912,355.5,112.5,114
000286,11,891.375,352.688,94.5,115.313
000286,12,948.75,253.5,84.375,105.75
000286,13,442,558,154,171.5
000286,14,913,356.5,113,111.5
000287,11,872.25,353.625,96,117.375
000287,12,942,252,84.75,108
000287,13,449,550.5,150.5,173.5
000287,14,914,357.5,113.5,109
000288,11,853.125,354.563,97.5,119.438
000288,12,935.25,250.5,85.125,110.25
000288,13,456,543,147,175.5
000288,14,915,358.5,114,106.5
000289,11,834,355.5,99,121.5
000289,12,928.5,249,85.5,112.5
000289,13,463,543,145,175.5
000289,14,924.75,357,111.75,102
000290,11,810,364.125,100.125,123.75
000290,12,928.5,255.75,85.5,111
000290,13,470,543,143,175.5
000290,14,934.5,355.5,109.5,97.5
000291,11,786,372.75,101.25,126
000291,12,928.5,262.5,85.5,109.5
000291,13,477,543,141,175.5
000291,14,954,352.5,111.75,103.5
000292,11,762,381.375,102.375,128.25
000292,12,929.5,267.5,87,109
000292,13,486,529.5,137,169.5
000292,14,973.5,349.5,114,109.5
000293,11,738,390,103.5,130.5
000293,12,930.5,272.5,88.5,108.5
000293,13,495,516,133,163.5
000293,14,1006,346,112,104.5
000294,11,711,391.5,102.75,130.875
000294,12,931.5,277.5,90,108
000294,13,504,502.5,129,157.5
000294,14,1038.5,342.5,110,99.5
000295,11,684,393,102,131.25
000295,12,915,283,92.5,113
000295,13,516.5,496.5,125,155
000295,14,1071,339,108,94.5
000296,11,657,394.5,101.25,131.625
000296,12,898.5,288.5,95,118
000296,13,529,490.5,121,152.5
000296,14,1091,339.5,106.5,95.5
000297,11,630,396,100.5,132
000297,12,882,294,97.5,123
000297,13,541.5,484.5,117,150
000297,14,1111,340,105,96.5
000298,11,603.375,405,103.125,133.5
000298,12,849.5,302.5,96.5,122.5
000298,13,551,481,117,150.5
000298,14,1131,340.5,103.5,97.5
000299,11,576.75,414,105.75,135
000299,12,817,311,95.5,122
000299,13,560.5,477.5,117,151
000299,14,1147.5,337.5,102,96.5
000300,11,550.125,423,108.375,136.5
000300,12,784.5,319.5,94.5,121.5
000300,13,570,474,117,151.5
000300,14,1164,334.5,100.5,95.5
000301,11,523.5,432,111,138
000301,12,760,318,96.5,122.5
000301,13,592,472,120,152.5
000301,14,1180.5,331.5,99,94.5
000302,11,504.375,440.25,112.5,140.25
000302,12,735.5,316.5,98.5,123.5
000302,13,614,470,123,153.5
000302,14,1198.5,324,100.5,95.25
000303,11,485.25,448.5,114,142.5
000303,12,711,315,100.5,124.5
000303,13,636,468,126,154.5
000303,14,1216.5,316.5,102,96
000304,11,466.125,456.75,115.5,144.75
000304,12,694,323.5,100,125
000304,13,663,456.5,125,149
000304,14,1238.25,312.75,101.25,96
000305,11,447,465,117,147
000305,12,677,332,99.5,125.5
000305,13,690,445,124,143.5
000305,14,1260,309,100.5,96
000306,11,424.875,475.875,121.125,147.75
000306,12,660,340.5,99,126
000306,13,717,433.5,123,138
000306,14,1278.5,303.5,101,95
000307,11,402.75,486.75,125.25,148.5
000307,12,645,342.5,101.5,127.5
000307,13,743,425.5,115,135.5
000307,14,1297,298,101.5,94
000308,11,380.625,497.625,129.375,149.25
000308,12,630,344.5,104,129
000308,13,769,417.5,107,133
000308,14,1315.5,292.5,102,93
000309,11,358.5,508.5,133.5,150
000309,12,615,346.5,106.5,130.5
000309,13,795,409.5,99,130.5
000309,14,1312,291,99.5,93.5
000310,11,342.375,525,131.625,151.125
000310,12,595,357,107,133.5
000310,13,808,403,104,130.5
000310,14,1308.5,289.5,97,94
000311,11,326.25,541.5,129.75,152.25
000311,12,575,367.5,107.5,136.5
000311,13,821,396.5,109,130.5
000311,14,1305,288,94.5,94.5
000312,11,310.125,558,127.875,153.375
000312,12,555,378,108,139.5
000312,13,834,390,114,130.5
000312,14,1288.5,283.5,90,90.5
000313,11,294,574.5,126,154.5
000313,12,528,380.25,111,146.25
000313,13,851.5,381.5,112,127
000313,14,1272,279,85.5,86.5
000314,11,283.125,583.5,126,156.75
000314,12,501,382.5,114,153
000314,13,869,373,110,123.5
000314,14,1255.5,274.5,81,82.5
000315,11,272.25,592.5,126,159
000315,12,498,393.5,114,156.5
000315,13,886.5,364.5,108,120
000315,14,1246.5,269,82,82
000316,11,261.375,601.5,126,161.25
000316,12,495,404.5,114,160
000316,13,909.5,363,104,119.5
000316,14,1237.5,263.5,83,81.5
000317,11,250.5,610.5,126,163.5
000317,12,492,415.5,114,163.5
000317,13,932.5,361.5,100,119
000317,14,1228.5,258,84,81
000318,11,253.875,625.5,131.25,171
000318,12,506.5,428.5,120.5,168
000318,13,955.5,360,96,118.5
000318,14,1221,258,79.5,84
000319,11,257.25,640.5,136.5,178.5
000319,12,521,441.5,127,172.5
000319,13,980.5,351,99,117.5
000319,14,1209.5,252,77,82.5
000320,11,260.625,655.5,141.75,186
000320,12,535.5,454.5,133.5,177
000320,13,1005.5,342,102,116.5
000320,14,1198,246,74.5,81
000321,11,264,670.5,147,193.5
000321,12,540,460.5,136.5,182.25
000321,13,1030.5,333,105,115.5
000321,14,1186.5,240,72,79.5
000322,11,265.5,683.5,151.5,196
000322,12,544.5,466.5,139.5,187.5
000322,13,1052,329,102,115.5
000322,14,1166,240.5,74.5,80.5
000323,11,267,696.5,156,198.5
000323,12,555.75,490.5,141.75,189
000323,13,1073.5,325,99,115.5
000323,14,1145.5,241,77,81.5
000324,11,268.5,709.5,160.5,201
000324,12,567,514.5,144,190.5
000324,13,1095,321,96,115.5
000324,14,1125,241.5,79.5,82.5
000325,11,269.625,730.875,164.625,206.625
000325,12,575,527.5,150,195
000325,13,1118.25,324,94.5,116.25
000325,14,1100.5,236.5,79,83
000326,11,270.75,752.25,168.75,212.25
000326,12,583,540.5,156,199.5
000326,13,1141.5,327,93,117
000326,14,1076,231.5,78.5,83.5
000327,11,271.875,773.625,172.875,217.875
000327,12,591,553.5,162,204
000327,13,1156.5,320.25,97.5,113.25
000327,14,1051.5,226.5,78,84
000328,11,273,795,177,223.5
000328,12,621,564,166.5,219.75
000328,13,1171.5,313.5,102,109.5
000328,14,1033.5,226,76,84
000329,11,289.125,813.375,184.875,220.125
000329,12,651,574.5,171,235.5
000329,13,1189.5,306,95.25,105.75
000329,14,1015.5,225.5,74,84
000330,11,305.25,831.75,192.75,216.75
000330,12,710,611,179.5,244
000330,13,1207.5,298.5,88.5,102
000330,14,997.5,225,72,84
000331,11,321.375,850.125,200.625,213.375
000331,12,769,647.5,188,252.5
000331,13,1225.5,299.5,89.5,102.5
000331,14,976.5,219.75,72,84.75
000332,11,337.5,868.5,208.5,210
000332,12,828,684,196.5,261
000332,13,1243.5,300.5,90.5,103
000332,14,955.5,214.5,72,85.5
000333,11,360.75,891,211.5,187.5
000333,12,864,705,204.5,272.5
000333,13,1261.5,301.5,91.5,103.5
000333,14,935.25,214.5,69.75,82.5
000334,11,384,913.5,214.5,165
000334,12,900,726,212.5,284
000334,13,1270.5,291,93.75,106.5
000334,14,915,214.5,67.5,79.5
000335,11,393,940.5,235.5,138
000335,12,936,747,220.5,295.5
000335,13,1279.5,280.5,96,109.5
000335,14,888,216,65.25,78.75
000336,11,393,967.5,225,111
000336,12,967.5,808.5,234,270
000336,13,1303.5,273,75,99
000336,14,861,217.5,63,78
000337,11,385.5,1006.5,250.5,72
000337,12,976.5,877.5,255,201
000337,13,1306.5,271.875,73.5,96.375
000337,14,836.25,215.25,63.75,76.5
000338,12,1005,937.5,261,141
000338,13,1309.5,270.75,72,93.75
000338,14,811.5,213,64.5,75
000339,13,1312.5,269.625,70.5,91.125
000339,14,790,213.5,64,74
000340,13,1315.5,268.5,69,88.5
000340,14,768.5,214,63.5,73
000341,13,1313.5,262,70,89
000341,14,747,214.5,63,72
000342,13,1311.5,255.5,71,89.5
000342,14,729,213,69,75
000343,13,1309.5,249,72,90
000343,14,712.5,205.5,63.75,73.5
000344,13,1307,249,72.5,88.5
000344,14,696,198,58.5,72
000345,13,1304.5,249,73,87
000346,13,1302,249,73.5,85.5
000347,13,1302.38,245.625,73.125,85.5
000347,15,700.5,156,43.5,52.5
000348,13,1302.75,242.25,72.75,85.5
000348,15,705,157.5,45.75,54
000349,13,1303.13,238.875,72.375,85.5
000349,15,709.5,159,48,55.5
000350,13,1303.5,235.5,72,85.5
000350,15,714,161.5,48,56.5
000351,13,1297.5,233.25,72.375,84.75
000351,15,718.5,164,48,57.5
000352,13,1291.5,231,72.75,84
000352,15,723,166.5,48,58.5
000353,13,1285.5,228.75,73.125,83.25
000353,15,733,167,49,60
000354,13,1279.5,226.5,73.5,82.5
000354,15,743,167.5,50,61.5
000355,13,1270.5,223.5,69.75,80.25
000355,15,753,168,51,63
000356,13,1261.5,220.5,66,78
000356,15,766.5,171.75,48,63
000357,13,1252.5,217.5,62.25,75.75
000357,15,780,175.5,45,63
000358,13,1243.5,214.5,58.5,73.5
000358,15,786,173.25,46.5,66
000359,13,1235.5,213.5,57,73.5
000359,15,792,171,48,69
000360,13,1227.5,212.5,55.5,73.5
000360,15,794.25,178.5,47.25,66.75
000361,13,1219.5,211.5,54,73.5
000361,15,796.5,186,46.5,64.5
000362,13,1209,207.5,56,70
000362,15,798,189,49.5,66.75
000363,13,1198.5,203.5,58,66.5
000363,15,799.5,192,52.5,69
000364,13,1188,199.5,60,63
000364,15,807,191.5,51.5,69.5
000365,13,1175,197,60,64
000365,15,814.5,191,50.5,70
000366,13,1162,194.5,60,65
000366,15,822,190.5,49.5,70.5
000367,13,1149,192,60,66
000367,15,832.5,198.75,53.25,73.5
000368,13,1131,194.5,61.5,68
000368,15,843,207,57,76.5
000368,16,691.5,166.5,42,51
000369,13,1113,197,63,70
000369,15,846,206.25,57,77.25
000369,16,696.75,166.5,42,53.25
000370,13,1095,199.5,64.5,72
000370,15,849,205.5,57,78
000370,16,702,166.5,42,55.5
000371,13,1073.5,198,63,72
000371,15,850,212,56.5,76
000371,16,706.5,170.25,45,57
000372,13,1052,196.5,61.5,72
000372,15,851,218.5,56,74
000372,16,711,174,48,58.5
000373,13,1030.5,195,60,72
000373,15,852,225,55.5,72
000373,16,718,174,48,58
000374,13,1011.5,199,58,71.5
000374,15,854,224,55,76
000374,16,725,174,48,57.5
000375,13,992.5,203,56,71
000375,15,856,223,54.5,80
000375,16,732,174,48,57
000376,13,973.5,207,54,70.5
000376,15,858,222,54,84
000376,16,735.5,175.5,48,59
000377,13,949,203.5,58,71.5
000377,15,862.5,228,56.25,82.5
000377,16,739,177,48,61
000378,13,924.5,200,62,72.5
000378,15,867,234,58.5,81
000378,16,742.5,178.5,48,63
000379,13,900,196.5,66,73.5
000379,15,876.75,248.25,61.5,83.25
000379,16,745.5,179.25,49.5,63
000380,13,885,194.25,64.5,71.25
000380,15,886.5,262.5,64.5,85.5
000380,16,748.5,180,51,63
000381,13,870,192,63,69
000381,15,883.5,261,67.5,86
000381,16,759,184,51,61.5
000382,13,850.5,196.5,63.75,68.25
000382,15,880.5,259.5,70.5,86.5
000382,16,769.5,188,51,60
000383,13,831,201,64.5,67.5
000383,15,877.5,258,73.5,87
000383,16,780,192,51,58.5
000384,13,810,201.75,60,63.75
000384,15,876,268.5,73.5,90
000384,16,794.25,190.5,50.25,58.5
000385,13,789,202.5,55.5,60
000385,15,874.5,279,73.5,93
000385,16,808.5,189,49.5,58.5
000386,15,879.75,278.25,75.75,97.5
000386,16,822,185.25,49.5,63.75
000387,15,885,277.5,78,102
000387,16,835.5,181.5,49.5,69
000388,15,899,279.5,80.5,103
000388,16,844.5,187.5,51,67.5
000389,15,913,281.5,83,104
000389,16,853.5,193.5,52.5,66
000390,15,927,283.5,85.5,105
000390,16,864.75,193.5,51.75,67.5
000391,15,945.75,282,84.75,103.5
000391,16,876,193.5,51,69
000392,15,964.5,280.5,84,102
000392,16,885,192.75,54.75,68.25
000393,15,970.5,285,85.5,103.5
000393,16,894,192,58.5,67.5
000394,15,976.5,289.5,87,105
000394,16,908.25,197.25,56.25,67.5
000395,15,977.25,292.5,87.75,108.75
000395,16,922.5,202.5,54,67.5
000396,15,978,295.5,88.5,112.5
000396,16,934.5,203.25,56.25,69.75
000397,15,981.75,302.25,86.25,105
000397,16,946.5,204,58.5,72
000398,15,985.5,309,84,97.5
000398,16,960,204,59.25,72.75
000399,15,993,309.75,85.5,99
000399,16,973.5,204,60,73.5
000400,15,1000.5,310.5,87,100.5
000400,16,981,207.75,61.5,72.75
000401,15,999,306,91.5,102.75
000401,16,988.5,211.5,63,72
000402,15,997.5,301.5,96,105
000402,16,999,214.5,60,75.75
000403,15,1010.25,314.25,90.75,100.5
000403,16,1009.5,217.5,57,79.5
000404,15,1023,327,85.5,96
000404,16,1020,222,58.5,79.5
000405,15,1011.75,330.75,84.75,101.25
000405,16,1030.5,226.5,60,79.5
000406,15,1000.5,334.5,84,106.5
000406,16,1041,231,61.5,79.5
000407,15,986.25,336,90,115.5
000407,16,1053,229.5,60,79.5
000408,15,972,337.5,96,124.5
000408,16,1065,228,58.5,79.5
000409,15,946.5,342.5,101.5,127.5
000409,16,1076,228.5,61,82
000410,15,921,347.5,107,130.5
000410,16,1087,229,63.5,84.5
000411,15,895.5,352.5,112.5,133.5
000411,16,1098,229.5,66,87
000412,15,880,353,110.5,132.5
000412,16,1103.5,232.5,64,86.5
000413,15,864.5,353.5,108.5,131.5
000413,16,1109,235.5,62,86
000414,15,849,354,106.5,130.5
000414,16,1114.5,238.5,60,85.5
000415,15,846,372.75,110.25,136.5
000415,16,1116,240.75,66,88.5
000415,17,750,136.5,40.5,55.5
000416,15,843,391.5,114,142.5
000416,16,1117.5,243,72,91.5
000416,17,761.5,136.5,42.5,55.5
000417,15,842,395.5,116,140
000417,16,1121.5,250,72.5,93
000417,17,773,136.5,44.5,55.5
000417,18,756,189,45,61.5
000418,15,841,399.5,118,137.5
000418,16,1125.5,257,73,94.5
000418,17,784.5,136.5,46.5,55.5
000418,18,765,186.75,44.25,63
000419,15,840,403.5,120,135
000419,16,1129.5,264,73.5,96
000419,17,802,138,46.5,58
000419,18,774,184.5,43.5,64.5
000419,19,738,166.5,45,58.5
000420,15,829.5,420,118.5,136.5
000420,16,1135.5,268.5,75.75,97.5
000420,17,819.5,139.5,46.5,60.5
000420,18,779.25,192,45,65.25
000420,19,746.5,164.5,46,59
000421,15,819,436.5,117,138
000421,16,1141.5,273,78,99
000421,17,837,141,46.5,63
000421,18,784.5,199.5,46.5,66
000421,19,755,162.5,47,59.5
000422,15,806,451,120.5,146
000422,16,1137.5,275.5,77.5,99
000422,17,849,139,46.5,61.5
000422,18,787.5,200.25,49.5,69
000422,19,763.5,160.5,48,60
000423,15,793,465.5,124,154
000423,16,1133.5,278,77,99
000423,17,861,137,46.5,60
000423,18,790.5,201,52.5,72
000423,19,776,165,46,57.5
000424,15,780,480,127.5,162
000424,16,1129.5,280.5,76.5,99
000424,17,873,135,46.5,58.5
000424,18,796.5,198,51,70.5
000424,19,788.5,169.5,44,55
000425,15,783,487.5,129.75,168.75
000425,16,1116.75,290.25,80.25,104.25
000425,17,886.5,136.5,46.5,59.25
000425,18,802.5,195,49.5,69
000425,19,801,174,42,52.5
000426,15,786,495,132,175.5
000426,16,1104,300,84,109.5
000426,17,900,138,46.5,60
000426,18,815,200.5,51,71.5
000426,19,811,171.5,43.5,56.5
000427,15,799.5,525,138,189.75
000427,16,1089.75,300.75,87,114
000427,17,914.5,135.5,46,58.5
000427,18,827.5,206,52.5,74
000427,19,821,169,45,60.5
000428,15,813,555,144,204
000428,16,1075.5,301.5,90,118.5
000428,17,929,133,45.5,57
000428,18,840,211.5,54,76.5
000428,19,831,166.5,46.5,64.5
000429,15,817.5,567.75,151.5,207
000429,16,1071.5,312,90,119
000429,17,943.5,130.5,45,55.5
000429,18,846.5,210,54.5,76
000429,19,834,172,47,61.5
000430,15,822,580.5,159,210
000430,16,1067.5,322.5,90,119.5
000430,17,958.5,135,44,56.5
000430,18,853,208.5,55,75.5
000430,19,837,177.5,47.5,58.5
000431,15,815.25,603.75,171,225
000431,16,1063.5,333,90,120
000431,17,973.5,139.5,43,57.5
000431,18,859.5,207,55.5,75
000431,19,840,183,48,55.5
000432,15,808.5,627,183,240
000432,16,1060.5,340.5,88.5,130.5
000432,17,988.5,144,42,58.5
000432,18,862,215,55,75.5
000432,19,838.5,181.5,51.75,60.75
000433,15,801.75,672.75,188.25,256.5
000433,16,1052.25,342.75,91.5,129.75
000433,17,1003,142,42.5,59.5
000433,18,864.5,223,54.5,76
000433,19,837,180,55.5,66
000434,15,795,718.5,193.5,273
000434,16,1044,345,94.5,129
000434,17,1017.5,140,43,60.5
000434,18,867,231,54,76.5
000434,19,846.5,179.5,53.5,65.5
000435,15,802.5,747,195,285
000435,16,1039.5,333,96,135
000435,17,1032,138,43.5,61.5
000435,18,867.5,229,55.5,77
000435,19,856,179,51.5,65
000436,15,810,775.5,196.5,297
000436,16,1026,354.75,97.5,131.25
000436,17,1043.5,139.5,43.5,64
000436,18,868,227,57,77.5
000436,19,865.5,178.5,49.5,64.5
000437,15,823.5,795,222,283.5
000437,16,1012.5,376.5,99,127.5
000437,17,1055,141,43.5,66.5
000437,18,868.5,225,58.5,78
000437,19,876.75,187.5,49.5,65.25
000438,15,858,862.5,223.5,216
000438,16,994.5,389.25,101.25,132
000438,17,1066.5,142.5,43.5,69
000438,18,882,234.5,60,81.5
000438,19,888,196.5,49.5,66
000439,15,918,969,237,109.5
000439,16,976.5,402,103.5,136.5
000439,17,1077,142.5,45,67.5
000439,18,895.5,244,61.5,85
000439,19,897.5,194,52,69
000440,16,967,409,103.5,136
000440,17,1087.5,142.5,46.5,66
000440,18,909,253.5,63,88.5
000440,19,907,191.5,54.5,72
000441,16,957.5,416,103.5,135.5
000441,17,1098,142.5,48,64.5
000441,18,917,250,64,89.5
000441,19,916.5,189,57,75
000442,16,948,423,103.5,135
000442,17,1110.5,143.5,49.5,63
000442,18,925,246.5,65,90.5
000442,19,919,197.5,56.5,73.5
000443,16,942,440.25,110.25,142.5
000443,17,1123,144.5,51,61.5
000443,18,933,243,66,91.5
000443,19,921.5,206,56,72
000444,16,936,457.5,117,150
000444,17,1135.5,145.5,52.5,60
000444,18,934.5,252.75,63.75,90
000444,19,924,214.5,55.5,70.5
000445,16,930.75,459.75,118.5,152.25
000445,17,1151,148,52.5,61.5
000445,18,936,262.5,61.5,88.5
000445,19,926.25,213,54.75,72
000446,16,925.5,462,120,154.5
000446,17,1166.5,150.5,52.5,63
000446,18,929,268,65.5,92
000446,19,928.5,211.5,54,73.5
000447,16,915,473.25,117,165
000447,17,1182,153,52.5,64.5
000447,18,922,273.5,69.5,95.5
000447,19,935.25,207.75,56.25,76.5
000448,16,904.5,484.5,114,175.5
000448,17,1197,148.5,48,67.5
000448,18,915,279,73.5,99
000448,19,942,204,58.5,79.5
000449,16,887.25,505.5,122.25,176.25
000449,17,1211.4,150,48.15,67.35
000449,18,916,283,74.5,102
000449,19,957,211,58,80
000450,16,870,526.5,130.5,177
000450,17,1225.8,151.5,48.3,67.2
000450,18,917,287,75.5,105
000450,19,972,218,57.5,80.5
000451,16,849,540,138,179.25
000451,17,1240.2,153,48.45,67.05
000451,18,918,291,76.5,108
000451,19,987,225,57,81
000452,16,828,553.5,145.5,181.5
000452,17,1254.6,154.5,48.6,66.9
000452,18,925,299,73.5,108
000452,19,989.5,226,57,83.5
000453,16,826,577.5,149.5,186.5
000453,17,1269,156,48.75,66.75
000453,18,932,307,70.5,108
000453,19,992,227,57,86
000454,16,824,601.5,153.5,191.5
000454,17,1283.4,157.5,48.9,66.6
000454,18,939,315,67.5,108
000454,19,994.5,228,57,88.5
000455,16,822,625.5,157.5,196.5
000455,17,1297.8,159,49.05,66.45
000455,18,932.25,314.25,71.25,108
000455,19,994.5,240,60,89.25
000456,16,830.25,637.5,158.25,207
000456,17,1312.2,160.5,49.2,66.3
000456,18,925.5,313.5,75,108
000456,19,994.5,252,63,90
000457,16,838.5,649.5,159,217.5
000457,17,1326.6,162,49.35,66.15
000457,18,913.5,326.25,81,113.25
000457,19,992.25,249.75,63.75,92.25
000458,16,830.25,662.25,171.75,225
000458,17,1341,163.5,49.5,66
000458,18,901.5,339,87,118.5
000458,19,990,247.5,64.5,94.5
000459,16,822,675,184.5,232.5
000459,17,1362.75,160.5,51.75,71.25
000459,18,887.5,345.5,89,123.5
000459,19,995.5,251.5,64.5,97.5
000460,16,816,713.25,183,236.25
000460,17,1384.5,157.5,54,76.5
000460,18,873.5,352,91,128.5
000460,19,1001,255.5,64.5,100.5
000461,16,810,751.5,181.5,240
000461,17,1401,162,55.5,76.5
000461,18,859.5,358.5,93,133.5
000461,19,1006.5,259.5,64.5,103.5
000462,16,801,775,186.5,245.5
000462,17,1417.5,166.5,57,76.5
000462,18,858.5,368.5,94.5,135
000462,19,1013,267.5,65,101.5
000463,16,792,798.5,191.5,251
000463,17,1437.5,170.5,58,76.5
000463,18,857.5,378.5,96,136.5
000463,19,1019.5,275.5,65.5,99.5
000464,16,783,822,196.5,256.5
000464,17,1457.5,174.5,59,76.5
000464,18,856.5,388.5,97.5,138
000464,19,1026,283.5,66,97.5
000465,16,786,862.5,226.5,216
000465,17,1477.5,178.5,60,76.5
000465,18,862.5,397,100,140.5
000465,19,1019.25,285.75,72.75,101.25
000466,16,799.5,916.5,237,162
000466,17,1495.2,177.6,58.8,76.2
000466,18,868.5,405.5,102.5,143
000466,19,1012.5,288,79.5,105
000467,16,825,973.5,241.5,105
000467,17,1512.9,176.7,57.6,75.9
000467,18,874.5,414,105,145.5
000467,19,1002.5,297.5,78.5,106.5
000468,17,1530.6,175.8,56.4,75.6
000468,18,872,424.5,107.5,147.5
000468,19,992.5,307,77.5,108
000469,17,1548.3,174.9,55.2,75.3
000469,18,869.5,435,110,149.5
000469,19,982.5,316.5,76.5,109.5
000470,17,1566,174,54,75
000470,18,867,445.5,112.5,151.5
000470,19,978,315.5,77.5,112
000471,17,1592.63,174,55.5,74.25
000471,18,855,462,117,157
000471,19,973.5,314.5,78.5,114.5
000472,17,1619.25,174,57,73.5
000472,18,843,478.5,121.5,162.5
000472,19,969,313.5,79.5,117
000473,17,1645.88,174,58.5,72.75
000473,18,831,495,126,168
000473,19,970.5,329,82,120.5
000474,17,1672.5,174,60,72
000474,18,836.5,504.5,126.5,174
000474,19,972,344.5,84.5,124
000475,18,842,514,127,180
000475,19,973.5,360,87,127.5
000476,18,847.5,523.5,127.5,186
000476,19,971,361.5,89.5,129
000477,18,863.25,554.25,129,191.25
000477,19,968.5,363,92,130.5
000478,18,879,585,130.5,196.5
000478,19,966,364.5,94.5,132
000479,18,880.5,590,138,205.5
000479,19,960,387,96,134.25
000480,18,882,595,145.5,214.5
000480,19,954,409.5,97.5,136.5
000481,18,883.5,600,153,223.5
000481,19,942.75,417,101.25,140.25
000482,18,873.5,638,159,235
000482,19,931.5,424.5,105,144
000483,18,863.5,676,165,246.5
000483,19,936,424.5,105.75,147.75
000484,18,853.5,714,171,258
000484,19,940.5,424.5,106.5,151.5
000485,18,841.5,739.5,177.5,268
000485,19,948.75,454.5,111,156.75
000486,18,829.5,765,184,278
000486,19,957,484.5,115.5,162
000487,18,817.5,790.5,190.5,288
000487,19,979.5,513,126,180
000488,18,821.25,832.5,201,246
000488,19,987,528,127.5,172.5
000489,18,825,874.5,211.5,204
000489,19,982.5,520.5,133.5,187.5
000490,18,844.5,940.5,204,138
000490,19,978,513,139.5,202.5
000491,18,864,1006.5,196.5,72
000491,19,966.75,550.5,143.25,212.25
000492,19,955.5,588,147,222
000493,19,943.5,612.75,153.75,230.25
000494,19,931.5,637.5,160.5,238.5
000495,19,936,648.75,166.5,246.75
000496,19,940.5,660,172.5,255
000497,19,954,708,179.25,267
000498,19,967.5,756,186,279
000499,19,1000.5,825,207,253.5
000500,19,1015.5,843,207,235.5
000501,19,1012.5,861,226.5,217.5
000502,19,1008,900,229.5,178.5
000503,19,1000.5,973.5,237,105
000538,20,1855.5,303,63,141
000539,20,1813.5,313.5,96,123
000540,20,1777,313.5,101,127
000541,20,1740.5,313.5,106,131
000542,20,1704,313.5,111,135
000543,20,1674.75,304.5,103.5,135
000544,20,1645.5,295.5,96,135
000545,20,1611.75,301.5,93.75,135
000546,20,1578,307.5,91.5,135
000547,20,1524,309,99,130.5
000548,20,1488,312,100.5,120
000549,20,1459.5,306,99,127.5
000550,20,1425,306,100.5,127.5
000551,20,1390.5,306,102,127.5
000552,20,1360.5,309,99,128.25
000553,20,1330.5,312,96,129
000554,20,1300.5,310.5,99,132
000555,20,1270.5,309,102,135
000556,20,1239.5,308,103,136
000557,20,1208.5,307,104,137
000558,20,1177.5,306,105,138
000559,20,1132.5,312,93,126
000560,20,1102.5,315,97.5,130.5
000561,20,1072.5,318,102,135
000562,20,1041,317.25,102,139.5
000563,20,1009.5,316.5,102,144
000564,20,984,317.25,103.5,142.5
000565,20,958.5,318,105,141
000565,21,756,148.5,45,51
000566,20,933,334.5,102,132
000566,21,769,147.5,42,48.5
000567,20,910.5,345,100.5,131.5
000567,21,782,146.5,39,46
000568,20,888,355.5,99,131
000568,21,795,145.5,36,43.5
000569,20,865.5,366,97.5,130.5
000569,21,805.5,148,36.5,44.5
000570,20,843,369,98,129.5
000570,21,816,150.5,37,45.5
000571,20,820.5,372,98.5,128.5
000571,21,826.5,153,37.5,46.5
000572,20,798,375,99,127.5
000572,21,836.5,150.5,38,48
000573,20,786,383.5,100,130.5
000573,21,846.5,148,38.5,49.5
000574,20,774,392,101,133.5
000574,21,856.5,145.5,39,51
000575,20,762,400.5,102,136.5
000575,21,867.75,146.25,39,51.75
000576,20,765,406.5,102,139.5
000576,21,879,147,39,52.5
000577,20,781.5,403.5,97.5,139.5
000577,21,891.75,150.75,38.25,51
000578,20,798,400.5,93,139.5
000578,21,904.5,154.5,37.5,49.5
000579,20,820,391,98.5,141
000579,21,916.5,151.5,38.25,51
000580,20,842,381.5,104,142.5
000580,21,928.5,148.5,39,52.5
000581,20,864,372,109.5,144
000581,21,938.25,152.25,40.5,50.25
000582,20,903,382.5,100.5,133.5
000582,21,948,156,42,48
000583,20,938.25,375,104.25,137.25
000583,21,960,158.25,42.75,49.5
000584,20,973.5,367.5,108,141
000584,21,972,160.5,43.5,51
000585,20,1003.5,352.5,100.5,139.5
000585,21,981.75,159,44.25,53.25
000586,20,1033.5,351.5,103,137
000586,21,991.5,157.5,45,55.5
000587,20,1063.5,350.5,105.5,134.5
000587,21,998.25,159.75,44.25,54
000588,20,1093.5,349.5,108,132
000588,21,1005,162,43.5,52.5
000589,20,1132.5,351,107.25,137.25
000589,21,1016.25,165,42.75,53.25
000590,20,1171.5,352.5,106.5,142.5
000590,21,1027.5,168,42,54
000591,20,1207.5,351,105.75,132
000591,21,1038.75,166.5,44.25,55.5
000592,20,1243.5,349.5,105,121.5
000592,21,1050,165,46.5,57
000593,20,1278,341.25,100.5,122.25
000593,21,1057.5,166.5,43.5,57
000594,20,1312.5,333,96,123
000594,21,1065,168,40.5,57
000595,20,1347,339.75,96,119.25
000595,21,1070.25,175.5,43.5,59.25
000596,20,1381.5,346.5,96,115.5
000596,21,1075.5,183,46.5,61.5
000597,20,1410,340.5,99,118.5
000597,21,1080,180.75,45,61.5
000598,20,1438.5,334.5,102,121.5
000598,21,1084.5,178.5,43.5,61.5
000599,20,1465.5,327.75,100.5,118.5
000599,21,1089.75,180,44.25,61.5
000600,20,1492.5,321,99,115.5
000600,21,1095,181.5,45,61.5
000601,20,1516.5,319.5,102,116.25
000601,21,1101.5,186,45.5,60.5
000602,20,1540.5,318,105,117
000602,21,1108,190.5,46,59.5
000603,20,1567.5,319.5,103.5,117.75
000603,21,1114.5,195,46.5,58.5
000604,20,1594.5,321,102,118.5
000604,21,1120.5,195,48,59.25
000605,20,1623,320.25,100.5,116.25
000605,21,1126.5,195,49.5,60
000606,20,1651.5,319.5,99,114
000606,21,1126.5,200.25,51.75,63.75
000607,20,1693.5,306,103.5,118.5
000607,21,1126.5,205.5,54,67.5
000608,20,1716.5,306,103.5,119.5
000608,21,1123.5,209.25,57,69.75
000609,20,1739.5,306,103.5,120.5
000609,21,1120.5,213,60,72
000610,20,1762.5,306,103.5,121.5
000610,21,1119,211.5,57,70.5
000611,20,1779.5,302.5,102.5,123.5
000611,21,1117.5,210,54,69
000612,20,1796.5,299,101.5,125.5
000612,21,1113,214.5,54,72
000613,20,1813.5,295.5,100.5,127.5
000613,21,1108.5,219,54,75
000614,20,1855.5,288,63,123
000614,21,1106,225,56,75
000615,21,1103.5,231,58,75
000616,21,1101,237,60,75
000617,21,1098,237,54,72
000618,21,1088.5,244,58,73.5
000619,21,1079,251,62,75
000620,21,1069.5,258,66,76.5
000621,21,1059.75,261.75,67.5,83.25
000622,21,1050,265.5,69,90
000623,21,1042.5,267,68,90.5
000624,21,1035,268.5,67,91
000625,21,1027.5,270,66,91.5
000626,21,1021.5,283.5,73.5,96
000627,21,1015.5,297,81,100.5
000628,21,1017,297.75,78,104.25
000629,21,1018.5,298.5,75,108
000630,21,1014.75,302.25,81,110.25
000631,21,1011,306,87,112.5
000632,21,1004.5,317,88,115
000633,21,998,328,89,117.5
000634,21,991.5,339,90,120
000635,21,985.5,339,89.25,124.5
000636,21,979.5,339,88.5,129
000637,21,976.5,349.5,92.25,128.25
000638,21,973.5,360,96,127.5
000639,21,982.5,371,98,132.5
000640,21,991.5,382,100,137.5
000641,21,1000.5,393,102,142.5
000642,21,1010.25,400.5,102,141.75
000643,21,1020,408,102,141
000644,21,1026,431.25,106.5,149.25
000645,21,1032,454.5,111,157.5
000646,21,1028.25,465,116.25,158.25
000647,21,1024.5,475.5,121.5,159
000648,21,1034,482,123.5,167
000649,21,1043.5,488.5,125.5,175
000650,21,1053,495,127.5,183
000651,21,1071.75,525,135.75,187.5
000652,21,1090.5,555,144,192
000653,21,1118.25,567,147.75,200.25
000654,21,1146,579,151.5,208.5
000655,21,1175.25,603.75,153.75,213
000656,21,1204.5,628.5,156,217.5
000657,21,1224,671.25,163.5,225.75
000658,21,1243.5,714,171,234
000659,21,1266.75,726,177,252
000660,21,1290,738,183,270
000661,21,1313.25,771,195.75,270.75
000662,21,1336.5,804,208.5,271.5
000663,21,1375.5,859.5,201,219
000664,21,1420.5,925.5,210,153
000665,21,1473,966,222,112.5
